3 48 200
3 53 323
3 54 91
3 50 1
0 2 0
0 0 0
3 48 200
3 53 302
3 54 88
3 50 1
0 2 0
0 0 0
3 48 200
3 53 275
3 54 85
3 50 1
0 2 0
0 0 0
3 48 200
3 53 208
3 54 80
3 50 1
0 2 0
0 0 0
3 48 200
3 53 187
3 54 79
3 50 1
0 2 0
0 0 0
3 48 200
3 53 156
3 54 78
3 50 1
0 2 0
0 0 0
3 48 200
3 53 78
3 54 76
3 50 1
0 2 0
0 0 0
3 48 200
3 53 52
3 54 74
3 50 1
0 2 0
0 0 0
3 48 200
3 53 52
3 54 74
3 50 1
0 2 0
0 0 0
3 48 0
0 0 0
3 48 200
3 53 0
3 54 73
3 50 1
0 2 0
0 0 0
3 48 200
3 53 0
3 54 72
3 50 1
0 2 0
0 0 0
3 48 200
3 53 0
3 54 72
3 50 1
0 2 0
0 0 0
3 48 200
3 53 0
3 54 72
3 50 1
0 2 0
0 0 0
3 48 200
3 53 5
3 54 72
3 50 1
0 2 0
0 0 0
3 48 200
3 53 34
3 54 74
3 50 1
0 2 0
0 0 0
3 48 200
3 53 111
3 54 86
3 50 1
0 2 0
0 0 0
3 48 200
3 53 170
3 54 103
3 50 1
0 2 0
0 0 0
3 48 200
3 53 226
3 54 126
3 50 1
0 2 0
0 0 0
3 48 200
3 53 280
3 54 144
3 50 1
0 2 0
0 0 0
3 48 200
3 53 364
3 54 184
3 50 1
0 2 0
0 0 0
3 48 200
3 53 364
3 54 184
3 50 1
0 2 0
0 0 0
3 48 0
0 0 0
3 48 200
3 53 9
3 54 96
3 50 1
0 2 0
0 0 0
3 48 200
3 53 9
3 54 95
3 50 1
0 2 0
0 0 0
3 48 200
3 53 10
3 54 96
3 50 1
0 2 0
0 0 0
3 48 200
3 53 28
3 54 97
3 50 1
0 2 0
0 0 0
3 48 200
3 53 99
3 54 106
3 50 1
0 2 0
0 0 0
3 48 200
3 53 124
3 54 113
3 50 1
0 2 0
0 0 0
3 48 200
3 53 217
3 54 141
3 50 1
0 2 0
0 0 0
3 48 200
3 53 239
3 54 148
3 50 1
0 2 0
0 0 0
3 48 200
3 53 340
3 54 186
3 50 1
0 2 0
0 0 0
3 48 200
3 53 423
3 54 232
3 50 1
0 2 0
0 0 0
3 48 200
3 53 423
3 54 232
3 50 1
0 2 0
0 0 0
3 48 0
0 0 0
3 48 200
3 53 22
3 54 101
3 50 1
0 2 0
0 0 0
3 48 200
3 53 22
3 54 101
3 50 1
0 2 0
0 0 0
3 48 200
3 53 22
3 54 101
3 50 1
0 2 0
0 0 0
3 48 200
3 53 27
3 54 101
3 50 1
0 2 0
0 0 0
3 48 200
3 53 56
3 54 102
3 50 1
0 2 0
0 0 0
3 48 200
3 53 137
3 54 109
3 50 1
0 2 0
0 0 0
3 48 200
3 53 211
3 54 121
3 50 1
0 2 0
0 0 0
3 48 200
3 53 236
3 54 126
3 50 1
0 2 0
0 0 0
3 48 200
3 53 352
3 54 160
3 50 1
0 2 0
0 0 0
3 48 200
3 53 448
3 54 204
3 50 1
0 2 0
0 0 0
3 48 200
3 53 448
3 54 204
3 50 1
0 2 0
0 0 0
3 48 0
0 0 0
3 48 200
3 53 328
3 54 117
3 50 1
0 2 0
0 0 0
3 48 200
3 53 325
3 54 115
3 50 1
0 2 0
0 0 0
3 48 200
3 53 306
3 54 108
3 50 1
0 2 0
0 0 0
3 48 200
3 53 242
3 54 91
3 50 1
0 2 0
0 0 0
3 48 200
3 53 217
3 54 88
3 50 1
0 2 0
0 0 0
3 48 200
3 53 144
3 54 84
3 50 1
0 2 0
0 0 0
3 48 200
3 53 117
3 54 83
3 50 1
0 2 0
0 0 0
3 48 200
3 53 28
3 54 81
3 50 1
0 2 0
0 0 0
3 48 200
3 53 28
3 54 81
3 50 1
0 2 0
0 0 0
3 48 0
0 0 0
3 48 200
3 53 340
3 54 156
3 50 1
0 2 0
0 0 0
3 48 200
3 53 338
3 54 155
3 50 1
0 2 0
0 0 0
3 48 200
3 53 321
3 54 148
3 50 1
0 2 0
0 0 0
3 48 200
3 53 260
3 54 131
3 50 1
0 2 0
0 0 0
3 48 200
3 53 234
3 54 125
3 50 1
0 2 0
0 0 0
3 48 200
3 53 149
3 54 110
3 50 1
0 2 0
0 0 0
3 48 200
3 53 121
3 54 107
3 50 1
0 2 0
0 0 0
3 48 200
3 53 38
3 54 101
3 50 1
0 2 0
0 0 0
3 48 200
3 53 38
3 54 101
3 50 1
0 2 0
0 0 0
3 48 0
0 0 0
3 48 200
3 53 342
3 54 125
3 50 1
0 2 0
0 0 0
3 48 200
3 53 342
3 54 125
3 50 1
0 2 0
0 0 0
3 48 200
3 53 342
3 54 124
3 50 1
0 2 0
0 0 0
3 48 200
3 53 341
3 54 124
3 50 1
0 2 0
0 0 0
3 48 200
3 53 327
3 54 120
3 50 1
0 2 0
0 0 0
3 48 200
3 53 302
3 54 115
3 50 1
0 2 0
0 0 0
3 48 200
3 53 229
3 54 106
3 50 1
0 2 0
0 0 0
3 48 200
3 53 201
3 54 104
3 50 1
0 2 0
0 0 0
3 48 200
3 53 125
3 54 102
3 50 1
0 2 0
0 0 0
3 48 200
3 53 99
3 54 102
3 50 1
0 2 0
0 0 0
3 48 200
3 53 7
3 54 102
3 50 1
0 2 0
0 0 0
3 48 200
3 53 7
3 54 102
3 50 1
0 2 0
0 0 0
3 48 0
0 0 0
